# TIME (S)   X_POS (M)   Y_POS (M)
   0.00000000       0.00000000       0.00000000    
   9.99999978E-03  0.141421348      0.140930846    
   1.99999996E-02  0.282842696      0.280880719    
   2.99999993E-02  0.424264044      0.419849575    
   3.99999991E-02  0.565685391      0.557837427    
   4.99999970E-02  0.707106709      0.694844306    
   5.99999949E-02  0.848528028      0.830870211    
   6.99999928E-02  0.989949346      0.965915084    
   7.99999908E-02   1.13137066       1.09997892    
   8.99999887E-02   1.27279198       1.23306179    
   9.99999866E-02   1.41421330       1.36516368    
  0.109999985       1.55563462       1.49628448    
  0.119999982       1.69705594       1.62642431    
  0.129999980       1.83847725       1.75558317    
  0.139999986       1.97989857       1.88376105    
  0.149999991       2.12132001       2.01095796    
  0.159999996       2.26274133       2.13717389    
  0.170000002       2.40416265       2.26240897    
  0.180000007       2.54558396       2.38666296    
  0.190000013       2.68700528       2.50993586    
  0.200000018       2.82842660       2.63222790    
  0.210000023       2.96984792       2.75353885    
  0.220000029       3.11126924       2.87386894    
  0.230000034       3.25269055       2.99321795    
  0.240000039       3.39411187       3.11158586    
  0.250000030       3.53553319       3.22897291    
  0.260000020       3.67695451       3.34537888    
  0.270000011       3.81837583       3.46080399    
  0.280000001       3.95979714       3.57524800    
  0.289999992       4.10121870       3.68871093    
  0.299999982       4.24264002       3.80119300    
  0.309999973       4.38406134       3.91269398    
  0.319999963       4.52548265       4.02321386    
  0.329999954       4.66690397       4.13275242    
  0.339999944       4.80832529       4.24131012    
  0.349999934       4.94974661       4.34888697    
  0.359999925       5.09116793       4.45548296    
  0.369999915       5.23258924       4.56109762    
  0.379999906       5.37401056       4.66573143    
  0.389999896       5.51543188       4.76938438    
  0.399999887       5.65685320       4.87205601    
  0.409999877       5.79827452       4.97374678    
  0.419999868       5.93969584       5.07445669    
  0.429999858       6.08111715       5.17418528    
  0.439999849       6.22253847       5.27293301    
  0.449999839       6.36395979       5.37069988    
  0.459999830       6.50538111       5.46748590    
  0.469999820       6.64680243       5.56329060    
  0.479999810       6.78822374       5.65811443    
  0.489999801       6.92964506       5.75195742    
  0.499999791       7.07106638       5.84481907    
  0.509999812       7.21248770       5.93669987    
  0.519999802       7.35390902       6.02759981    
  0.529999793       7.49533033       6.11751842    
  0.539999783       7.63675165       6.20645618    
  0.549999774       7.77817297       6.29441309    
  0.559999764       7.91959429       6.38138914    
  0.569999754       8.06101608       6.46738386    
  0.579999745       8.20243740       6.55239773    
  0.589999735       8.34385872       6.63643074    
  0.599999726       8.48528004       6.71948242    
  0.609999716       8.62670135       6.80155325    
  0.619999707       8.76812267       6.88264322    
  0.629999697       8.90954399       6.96275187    
  0.639999688       9.05096531       7.04187965    
  0.649999678       9.19238663       7.12002659    
  0.659999669       9.33380795       7.19719267    
  0.669999659       9.47522926       7.27337742    
  0.679999650       9.61665058       7.34858131    
  0.689999640       9.75807190       7.42280436    
  0.699999630       9.89949322       7.49604607    
  0.709999621       10.0409145       7.56830692    
  0.719999611       10.1823359       7.63958693    
  0.729999602       10.3237572       7.70988560    
  0.739999592       10.4651785       7.77920341    
  0.749999583       10.6065998       7.84754038    
  0.759999573       10.7480211       7.91489601    
  0.769999564       10.8894424       7.98127079    
  0.779999554       11.0308638       8.04666519    
  0.789999545       11.1722851       8.11107826    
  0.799999535       11.3137064       8.17451096    
  0.809999526       11.4551277       8.23696232    
  0.819999516       11.5965490       8.29843235    
  0.829999506       11.7379704       8.35892200    
  0.839999497       11.8793917       8.41843033    
  0.849999487       12.0208130       8.47695732    
  0.859999478       12.1622343       8.53450394    
  0.869999468       12.3036556       8.59106922    
  0.879999459       12.4450769       8.64665318    
  0.889999449       12.5864983       8.70125675    
  0.899999440       12.7279196       8.75487900    
  0.909999430       12.8693409       8.80751991    
  0.919999421       13.0107622       8.85918045    
  0.929999411       13.1521835       8.90985966    
  0.939999402       13.2936049       8.95955753    
  0.949999392       13.4350262       9.00827503    
  0.959999382       13.5764475       9.05601120    
  0.969999373       13.7178688       9.10276604    
  0.979999363       13.8592901       9.14854050    
  0.989999354       14.0007114       9.19333363    
  0.999999344       14.1421328       9.23714638    
   1.00999939       14.2835541       9.27997780    
   1.01999938       14.4249754       9.32182789    
   1.02999938       14.5663967       9.36269760    
   1.03999937       14.7078180       9.40258598    
   1.04999936       14.8492393       9.44149303    
   1.05999935       14.9906607       9.47941971    
   1.06999934       15.1320820       9.51636505    
   1.07999933       15.2735033       9.55232906    
   1.08999932       15.4149246       9.58731270    
   1.09999931       15.5563459       9.62131500    
   1.10999930       15.6977673       9.65433598    
   1.11999929       15.8391886       9.68637657    
   1.12999928       15.9806099       9.71743584    
   1.13999927       16.1220322       9.74751377    
   1.14999926       16.2634544       9.77661133    
   1.15999925       16.4048767       9.80472755    
   1.16999924       16.5462990       9.83186245    
   1.17999923       16.6877213       9.85801697    
   1.18999922       16.8291435       9.88319016    
   1.19999921       16.9705658       9.90738201    
   1.20999920       17.1119881       9.93059349    
   1.21999919       17.2534103       9.95282364    
   1.22999918       17.3948326       9.97407246    
   1.23999918       17.5362549       9.99434090    
   1.24999917       17.6776772       10.0136280    
   1.25999916       17.8190994       10.0319347    
   1.26999915       17.9605217       10.0492601    
   1.27999914       18.1019440       10.0656042    
   1.28999913       18.2433662       10.0809679    
   1.29999912       18.3847885       10.0953503    
   1.30999911       18.5262108       10.1087513    
   1.31999910       18.6676331       10.1211720    
   1.32999909       18.8090553       10.1326113    
   1.33999908       18.9504776       10.1430693    
   1.34999907       19.0918999       10.1525469    
   1.35999906       19.2333221       10.1610432    
   1.36999905       19.3747444       10.1685581    
   1.37999904       19.5161667       10.1750927    
   1.38999903       19.6575890       10.1806459    
   1.39999902       19.7990112       10.1852179    
   1.40999901       19.9404335       10.1888094    
   1.41999900       20.0818558       10.1914196    
   1.42999899       20.2232780       10.1930485    
   1.43999898       20.3647003       10.1936970    
   1.44999897       20.5061226       10.1933641    
   1.45999897       20.6475449       10.1920500    
   1.46999896       20.7889671       10.1897554    
   1.47999895       20.9303894       10.1864796    
   1.48999894       21.0718117       10.1822233    
   1.49999893       21.2132339       10.1769857    
   1.50999892       21.3546562       10.1707668    
   1.51999891       21.4960785       10.1635675    
   1.52999890       21.6375008       10.1553869    
   1.53999889       21.7789230       10.1462250    
   1.54999888       21.9203453       10.1360826    
   1.55999887       22.0617676       10.1249590    
   1.56999886       22.2031898       10.1128540    
   1.57999885       22.3446121       10.0997686    
   1.58999884       22.4860344       10.0857019    
   1.59999883       22.6274567       10.0706539    
   1.60999882       22.7688789       10.0546255    
   1.61999881       22.9103012       10.0376158    
   1.62999880       23.0517235       10.0196247    
   1.63999879       23.1931458       10.0006533    
   1.64999878       23.3345680       9.98070049    
   1.65999877       23.4759903       9.95976639    
   1.66999876       23.6174126       9.93785191    
   1.67999876       23.7588348       9.91495609    
   1.68999875       23.9002571       9.89107895    
   1.69999874       24.0416794       9.86622143    
   1.70999873       24.1831017       9.84038258    
   1.71999872       24.3245239       9.81356335    
   1.72999871       24.4659462       9.78576279    
   1.73999870       24.6073685       9.75698090    
   1.74999869       24.7487907       9.72721863    
   1.75999868       24.8902130       9.69647503    
   1.76999867       25.0316353       9.66475010    
   1.77999866       25.1730576       9.63204479    
   1.78999865       25.3144798       9.59835815    
   1.79999864       25.4559021       9.56369019    
   1.80999863       25.5973244       9.52804184    
   1.81999862       25.7387466       9.49141216    
   1.82999861       25.8801689       9.45380116    
   1.83999860       26.0215912       9.41520977    
   1.84999859       26.1630135       9.37563705    
   1.85999858       26.3044357       9.33508301    
   1.86999857       26.4458580       9.29354858    
   1.87999856       26.5872803       9.25103283    
   1.88999856       26.7287025       9.20753574    
   1.89999855       26.8701248       9.16305828    
   1.90999854       27.0115471       9.11759949    
   1.91999853       27.1529694       9.07115936    
   1.92999852       27.2943916       9.02373886    
   1.93999851       27.4358139       8.97533703    
   1.94999850       27.5772362       8.92595387    
   1.95999849       27.7186584       8.87559032    
   1.96999848       27.8600807       8.82424545    
   1.97999847       28.0015030       8.77192020    
   1.98999846       28.1429253       8.71861362    
   1.99999845       28.2843475       8.66432571    
   2.00999856       28.4257698       8.60905743    
   2.01999855       28.5671921       8.55280781    
   2.02999854       28.7086143       8.49557686    
   2.03999853       28.8500366       8.43736553    
   2.04999852       28.9914589       8.37817287    
   2.05999851       29.1328812       8.31799889    
   2.06999850       29.2743034       8.25684452    
   2.07999849       29.4157257       8.19470882    
   2.08999848       29.5571480       8.13159180    
   2.09999847       29.6985703       8.06749439    
   2.10999846       29.8399925       8.00241566    
   2.11999846       29.9814148       7.93635559    
   2.12999845       30.1228371       7.86931419    
   2.13999844       30.2642593       7.80129194    
   2.14999843       30.4056816       7.73228884    
   2.15999842       30.5471039       7.66230440    
   2.16999841       30.6885262       7.59133911    
   2.17999840       30.8299484       7.51939297    
   2.18999839       30.9713707       7.44646597    
   2.19999838       31.1127930       7.37255764    
   2.20999837       31.2542152       7.29766846    
   2.21999836       31.3956375       7.22179842    
   2.22999835       31.5370598       7.14494705    
   2.23999834       31.6784821       7.06711483    
   2.24999833       31.8199043       6.98830175    
   2.25999832       31.9613266       6.90850735    
   2.26999831       32.1027489       6.82773209    
   2.27999830       32.2441711       6.74597597    
   2.28999829       32.3855934       6.66323853    
   2.29999828       32.5270157       6.57952023    
   2.30999827       32.6684380       6.49482107    
   2.31999826       32.8098602       6.40914106    
   2.32999825       32.9512825       6.32247972    
   2.33999825       33.0927048       6.23483753    
   2.34999824       33.2341270       6.14621449    
   2.35999823       33.3755493       6.05661011    
   2.36999822       33.5169716       5.96602488    
   2.37999821       33.6583939       5.87445879    
   2.38999820       33.7998161       5.78191137    
   2.39999819       33.9412384       5.68838310    
   2.40999818       34.0826607       5.59387398    
   2.41999817       34.2240829       5.49838400    
   2.42999816       34.3655052       5.40191269    
   2.43999815       34.5069275       5.30446053    
   2.44999814       34.6483498       5.20602751    
   2.45999813       34.7897720       5.10661316    
   2.46999812       34.9311943       5.00621796    
   2.47999811       35.0726166       4.90484190    
   2.48999810       35.2140388       4.80248451    
   2.49999809       35.3554611       4.69914627    
   2.50999808       35.4968834       4.59482718    
   2.51999807       35.6383057       4.48952723    
   2.52999806       35.7797279       4.38324594    
   2.53999805       35.9211502       4.27598381    
   2.54999804       36.0625725       4.16774082    
   2.55999804       36.2039948       4.05851650    
   2.56999803       36.3454170       3.94831157    
   2.57999802       36.4868393       3.83712554    
   2.58999801       36.6282616       3.72495866    
   2.59999800       36.7696838       3.61181068    
   2.60999799       36.9111061       3.49768186    
   2.61999798       37.0525284       3.38257194    
   2.62999797       37.1939507       3.26648092    
   2.63999796       37.3353729       3.14940906    
   2.64999795       37.4767952       3.03135610    
   2.65999794       37.6182175       2.91232228    
   2.66999793       37.7596397       2.79230738    
   2.67999792       37.9010620       2.67131138    
   2.68999791       38.0424843       2.54933453    
   2.69999790       38.1839066       2.42637658    
   2.70999789       38.3253288       2.30243778    
   2.71999788       38.4667511       2.17751789    
   2.72999787       38.6081734       2.05161691    
   2.73999786       38.7495956       1.92473495    
   2.74999785       38.8910179       1.79687202    
   2.75999784       39.0324402       1.66802800    
   2.76999784       39.1738625       1.53820300    
   2.77999783       39.3152847       1.40739703    
   2.78999782       39.4567070       1.27561009    
   2.79999781       39.5981293       1.14284217    
   2.80999780       39.7395515       1.00909317    
   2.81999779       39.8809738      0.874363244    
   2.82999778       40.0223961      0.738652349    
   2.83999777       40.1638184      0.601960480    
   2.84999776       40.3052406      0.464287579    
   2.85999775       40.4466629      0.325633675    
   2.86999774       40.5880852      0.185998768    
   2.87999773       40.7295074       4.53828573E-02
   2.88999772       40.8709297       0.00000000    
   2.89999771       41.0123520       9.89706814E-02
   2.90999770       41.1537743      0.196960375    
   2.91999769       41.2951965      0.293969065    
   2.92999768       41.4366188      0.389996767    
   2.93999767       41.5780411      0.485043466    
   2.94999766       41.7194633      0.579109192    
   2.95999765       41.8608856      0.672193885    
   2.96999764       42.0023079      0.764297605    
   2.97999763       42.1437302      0.855420291    
   2.98999763       42.2851524      0.945562005    
   2.99999762       42.4265747       1.03472269    
   3.00999761       42.5679970       1.12290239    
   3.01999760       42.7094193       1.21010101    
   3.02999759       42.8508415       1.29631865    
   3.03999758       42.9922638       1.38155532    
   3.04999757       43.1336861       1.46581101    
   3.05999756       43.2751083       1.54908574    
   3.06999755       43.4165306       1.63137937    
   3.07999754       43.5579529       1.71269202    
   3.08999753       43.6993752       1.79302371    
   3.09999752       43.8407974       1.87237442    
   3.10999751       43.9822197       1.95074415    
   3.11999750       44.1236420       2.02813292    
   3.12999749       44.2650642       2.10454082    
   3.13999748       44.4064865       2.17996764    
   3.14999747       44.5479088       2.25441337    
   3.15999746       44.6893311       2.32787824    
   3.16999745       44.8307533       2.40036201    
   3.17999744       44.9721756       2.47186470    
   3.18999743       45.1135979       2.54238653    
   3.19999743       45.2550201       2.61192727    
   3.20999742       45.3964424       2.68048716    
   3.21999741       45.5378647       2.74806595    
   3.22999740       45.6792870       2.81466365    
   3.23999739       45.8207092       2.88028049    
   3.24999738       45.9621315       2.94491625    
   3.25999737       46.1035538       3.00857091    
   3.26999736       46.2449760       3.07124472    
   3.27999735       46.3863983       3.13293743    
   3.28999734       46.5278206       3.19364929    
   3.29999733       46.6692429       3.25338006    
   3.30999732       46.8106651       3.31212974    
   3.31999731       46.9520874       3.36989856    
   3.32999730       47.0935097       3.42668629    
   3.33999729       47.2349319       3.48249316    
   3.34999728       47.3763542       3.53731894    
   3.35999727       47.5177765       3.59116364    
   3.36999726       47.6591988       3.64402747    
   3.37999725       47.8006210       3.69591022    
   3.38999724       47.9420433       3.74681187    
   3.39999723       48.0834656       3.79673266    
   3.40999722       48.2248878       3.84567237    
   3.41999722       48.3663101       3.89363122    
   3.42999721       48.5077324       3.94060898    
   3.43999720       48.6491547       3.98660564    
   3.44999719       48.7905769       4.03162098    
   3.45999718       48.9319992       4.07565546    
   3.46999717       49.0734215       4.11870909    
   3.47999716       49.2148438       4.16078138    
   3.48999715       49.3562660       4.20187283    
   3.49999714       49.4976883       4.24198341    
   3.50999713       49.6391106       4.28111315    
   3.51999712       49.7805328       4.31926155    
   3.52999711       49.9219551       4.35642910    
   3.53999710       50.0633774       4.39261580    
   3.54999709       50.2047997       4.42782116    
   3.55999708       50.3462219       4.46204567    
   3.56999707       50.4876442       4.49528933    
   3.57999706       50.6290665       4.52755165    
   3.58999705       50.7704887       4.55883312    
   3.59999704       50.9119110       4.58913374    
   3.60999703       51.0533333       4.61845303    
   3.61999702       51.1947556       4.64679146    
   3.62999701       51.3361778       4.67414904    
   3.63999701       51.4776001       4.70052576    
   3.64999700       51.6190224       4.72592115    
   3.65999699       51.7604446       4.75033569    
   3.66999698       51.9018669       4.77376938    
   3.67999697       52.0432892       4.79622173    
   3.68999696       52.1847115       4.81769323    
   3.69999695       52.3261337       4.83818388    
   3.70999694       52.4675560       4.85769320    
   3.71999693       52.6089783       4.87622166    
   3.72999692       52.7504005       4.89376926    
   3.73999691       52.8918228       4.91033554    
   3.74999690       53.0332451       4.92592096    
   3.75999689       53.1746674       4.94052553    
   3.76999688       53.3160896       4.95414925    
   3.77999687       53.4575119       4.96679163    
   3.78999686       53.5989342       4.97845316    
   3.79999685       53.7403564       4.98913383    
   3.80999684       53.8817787       4.99883318    
   3.81999683       54.0232010       5.00755167    
   3.82999682       54.1646233       5.01528931    
   3.83999681       54.3060455       5.02204561    
   3.84999681       54.4474678       5.02782106    
   3.85999680       54.5888901       5.03261566    
   3.86999679       54.7303123       5.03642941    
   3.87999678       54.8717346       5.03926182    
   3.88999677       55.0131569       5.04111338    
   3.89999676       55.1545792       5.04198408    
   3.90999675       55.2960014       5.04187346    
   3.91999674       55.4374237       5.04078197    
   3.92999673       55.5788460       5.03870964    
   3.93999672       55.7202682       5.03565598    
   3.94999671       55.8616905       5.03162146    
   3.95999670       56.0031128       5.02660608    
   3.96999669       56.1445351       5.02060938    
   3.97999668       56.2859573       5.01363182    
   3.98999667       56.4273796       5.00567341    
   3.99999666       56.5688019       4.99673414    
   4.00999689       56.7102242       4.98681355    
   4.01999712       56.8516464       4.97591209    
   4.02999735       56.9930687       4.96402979    
   4.03999758       57.1344910       4.95116615    
   4.04999781       57.2759132       4.93732166    
   4.05999804       57.4173355       4.92249632    
   4.06999826       57.5587578       4.90668964    
   4.07999849       57.7001801       4.88990211    
   4.08999872       57.8416023       4.87213373    
   4.09999895       57.9830246       4.85338402    
   4.10999918       58.1244469       4.83365345    
   4.11999941       58.2658691       4.81294203    
   4.12999964       58.4072914       4.79124975    
   4.13999987       58.5487137       4.76857615    
   4.15000010       58.6901360       4.74492168    
   4.16000032       58.8315582       4.72028637    
   4.17000055       58.9729805       4.69466972    
   4.18000078       59.1144028       4.66807222    
   4.19000101       59.2558250       4.64049387    
   4.20000124       59.3972473       4.61193419    
   4.21000147       59.5386696       4.58239365    
   4.22000170       59.6800919       4.55187225    
   4.23000193       59.8215141       4.52037001    
   4.24000216       59.9629364       4.48788643    
   4.25000238       60.1043587       4.45442200    
   4.26000261       60.2457809       4.41997671    
   4.27000284       60.3872032       4.38455009    
   4.28000307       60.5286255       4.34814262    
   4.29000330       60.6700478       4.31075430    
   4.30000353       60.8114700       4.27238464    
   4.31000376       60.9528923       4.23303413    
   4.32000399       61.0943146       4.19270277    
   4.33000422       61.2357368       4.15139008    
   4.34000444       61.3771591       4.10909653    
   4.35000467       61.5185814       4.06582212    
   4.36000490       61.6600037       4.02156687    
   4.37000513       61.8014259       3.97633052    
   4.38000536       61.9428482       3.93011332    
   4.39000559       62.0842705       3.88291502    
   4.40000582       62.2256927       3.83473587    
   4.41000605       62.3671150       3.78557563    
   4.42000628       62.5085373       3.73543429    
   4.43000650       62.6499596       3.68431211    
   4.44000673       62.7913818       3.63220882    
   4.45000696       62.9328041       3.57912469    
   4.46000719       63.0742264       3.52505946    
   4.47000742       63.2156487       3.47001314    
   4.48000765       63.3570709       3.41398597    
   4.49000788       63.4984932       3.35697770    
   4.50000811       63.6399155       3.29898834    
   4.51000834       63.7813377       3.24001813    
   4.52000856       63.9227600       3.18006682    
   4.53000879       64.0641785       3.11913466    
   4.54000902       64.2055969       3.05722141    
   4.55000925       64.3470154       2.99432707    
   4.56000948       64.4884338       2.93045187    
   4.57000971       64.6298523       2.86559558    
   4.58000994       64.7712708       2.79975820    
   4.59001017       64.9126892       2.73293996    
   4.60001040       65.0541077       2.66514063    
   4.61001062       65.1955261       2.59636045    
   4.62001085       65.3369446       2.52659917    
   4.63001108       65.4783630       2.45585680    
   4.64001131       65.6197815       2.38413358    
   4.65001154       65.7612000       2.31142926    
   4.66001177       65.9026184       2.23774409    
   4.67001200       66.0440369       2.16307783    
   4.68001223       66.1854553       2.08743048    
   4.69001245       66.3268738       2.01080227    
   4.70001268       66.4682922       1.93319285    
   4.71001291       66.6097107       1.85460246    
   4.72001314       66.7511292       1.77503109    
   4.73001337       66.8925476       1.69447863    
   4.74001360       67.0339661       1.61294520    
   4.75001383       67.1753845       1.53043079    
   4.76001406       67.3168030       1.44693542    
   4.77001429       67.4582214       1.36245906    
   4.78001451       67.5996399       1.27700162    
   4.79001474       67.7410583       1.19056320    
   4.80001497       67.8824768       1.10314381    
   4.81001520       68.0238953       1.01474345    
   4.82001543       68.1653137      0.925362110    
   4.83001566       68.3067322      0.834999800    
   4.84001589       68.4481506      0.743656456    
   4.85001612       68.5895691      0.651332140    
   4.86001635       68.7309875      0.558026850    
   4.87001657       68.8724060      0.463740528    
   4.88001680       69.0138245      0.368473202    
   4.89001703       69.1552429      0.272224903    
   4.90001726       69.2966614      0.174995586    
   4.91001749       69.4380798       7.67852664E-02
   4.92001772       69.5794983       0.00000000    
   4.93001795       69.7209167       6.92867637E-02
   4.94001818       69.8623352      0.137592539    
   4.95001841       70.0037537      0.204917297    
   4.96001863       70.1451721      0.271261066    
   4.97001886       70.2865906      0.336623847    
   4.98001909       70.4280090      0.401005626    
   4.99001932       70.5694275      0.464406401    
   5.00001955       70.7108459      0.526826143    
   5.01001978       70.8522644      0.588264883    
   5.02002001       70.9936829      0.648722649    
   5.03002024       71.1351013      0.708199441    
   5.04002047       71.2765198      0.766695201    
   5.05002069       71.4179382      0.824209988    
   5.06002092       71.5593567      0.880743742    
   5.07002115       71.7007751      0.936296523    
   5.08002138       71.8421936      0.990868270    
   5.09002161       71.9836121       1.04445899    
   5.10002184       72.1250305       1.09706867    
   5.11002207       72.2664490       1.14869738    
   5.12002230       72.4078674       1.19934511    
   5.13002253       72.5492859       1.24901175    
   5.14002275       72.6907043       1.29769742    
   5.15002298       72.8321228       1.34540212    
   5.16002321       72.9735413       1.39212584    
   5.17002344       73.1149597       1.43786848    
   5.18002367       73.2563782       1.48263013    
   5.19002390       73.3977966       1.52641082    
   5.20002413       73.5392151       1.56921053    
   5.21002436       73.6806335       1.61102915    
   5.22002459       73.8220520       1.65186679    
   5.23002481       73.9634705       1.69172347    
   5.24002504       74.1048889       1.73059916    
   5.25002527       74.2463074       1.76849377    
   5.26002550       74.3877258       1.80540740    
   5.27002573       74.5291443       1.84134007    
   5.28002596       74.6705627       1.87629175    
   5.29002619       74.8119812       1.91026247    
   5.30002642       74.9533997       1.94325209    
   5.31002665       75.0948181       1.97526073    
   5.32002687       75.2362366       2.00628853    
   5.33002710       75.3776550       2.03633523    
   5.34002733       75.5190735       2.06540108    
   5.35002756       75.6604919       2.09348583    
   5.36002779       75.8019104       2.12058973    
   5.37002802       75.9433289       2.14671254    
   5.38002825       76.0847473       2.17185426    
   5.39002848       76.2261658       2.19601512    
   5.40002871       76.3675842       2.21919489    
   5.41002893       76.5090027       2.24139380    
   5.42002916       76.6504211       2.26261163    
   5.43002939       76.7918396       2.28284836    
   5.44002962       76.9332581       2.30210423    
   5.45002985       77.0746765       2.32037902    
   5.46003008       77.2160950       2.33767271    
   5.47003031       77.3575134       2.35398555    
   5.48003054       77.4989319       2.36931729    
   5.49003077       77.6403503       2.38366818    
   5.50003099       77.7817688       2.39703798    
   5.51003122       77.9231873       2.40942669    
   5.52003145       78.0646057       2.42083454    
   5.53003168       78.2060242       2.43126130    
   5.54003191       78.3474426       2.44070721    
   5.55003214       78.4888611       2.44917202    
   5.56003237       78.6302795       2.45665574    
   5.57003260       78.7716980       2.46315861    
   5.58003283       78.9131165       2.46868038    
   5.59003305       79.0545349       2.47322130    
   5.60003328       79.1959534       2.47678113    
   5.61003351       79.3373718       2.47935987    
   5.62003374       79.4787903       2.48095775    
   5.63003397       79.6202087       2.48157454    
   5.64003420       79.7616272       2.48121023    
   5.65003443       79.9030457       2.47986507    
   5.66003466       80.0444641       2.47753882    
   5.67003489       80.1858826       2.47423172    
   5.68003511       80.3273010       2.46994352    
   5.69003534       80.4687195       2.46467423    
   5.70003557       80.6101379       2.45842409    
   5.71003580       80.7515564       2.45119286    
   5.72003603       80.8929749       2.44298077    
   5.73003626       81.0343933       2.43378758    
   5.74003649       81.1758118       2.42361331    
   5.75003672       81.3172302       2.41245818    
   5.76003695       81.4586487       2.40032196    
   5.77003717       81.6000671       2.38720465    
   5.78003740       81.7414856       2.37310648    
   5.79003763       81.8829041       2.35802722    
   5.80003786       82.0243225       2.34196711    
   5.81003809       82.1657410       2.32492590    
   5.82003832       82.3071594       2.30690360    
   5.83003855       82.4485779       2.28790045    
   5.84003878       82.5899963       2.26791620    
   5.85003901       82.7314148       2.24695110    
   5.86003923       82.8728333       2.22500491    
   5.87003946       83.0142517       2.20207763    
   5.88003969       83.1556702       2.17816949    
   5.89003992       83.2970886       2.15328026    
   5.90004015       83.4385071       2.12741017    
   5.91004038       83.5799255       2.10055900    
   5.92004061       83.7213440       2.07272673    
   5.93004084       83.8627625       2.04391360    
   5.94004107       84.0041809       2.01411939    
   5.95004129       84.1455994       1.98334408    
   5.96004152       84.2870178       1.95158780    
   5.97004175       84.4284363       1.91885054    
   5.98004198       84.5698547       1.88513219    
   5.99004221       84.7112732       1.85043287    
   6.00004244       84.8526917       1.81475258    
   6.01004267       84.9941101       1.77809131    
   6.02004290       85.1355286       1.74044907    
   6.03004313       85.2769470       1.70182574    
   6.04004335       85.4183655       1.66222143    
   6.05004358       85.5597839       1.62163615    
   6.06004381       85.7012024       1.58006990    
   6.07004404       85.8426208       1.53752255    
   6.08004427       85.9840393       1.49399424    
   6.09004450       86.1254578       1.44948494    
   6.10004473       86.2668762       1.40399468    
   6.11004496       86.4082947       1.35752332    
   6.12004519       86.5497131       1.31007099    
   6.13004541       86.6911316       1.26163769    
   6.14004564       86.8325500       1.21222341    
   6.15004587       86.9739685       1.16182804    
   6.16004610       87.1153870       1.11045170    
   6.17004633       87.2568054       1.05809438    
   6.18004656       87.3982239       1.00475609    
   6.19004679       87.5396423      0.950436831    
   6.20004702       87.6810608      0.895136535    
   6.21004725       87.8224792      0.838855267    
   6.22004747       87.9638977      0.781592965    
   6.23004770       88.1053162      0.723349690    
   6.24004793       88.2467346      0.664125383    
   6.25004816       88.3881531      0.603920102    
   6.26004839       88.5295715      0.542733848    
   6.27004862       88.6709900      0.480566561    
   6.28004885       88.8124084      0.417418271    
   6.29004908       88.9538269      0.353288978    
   6.30004930       89.0952454      0.288178682    
   6.31004953       89.2366638      0.222087368    
   6.32004976       89.3780823      0.155015066    
   6.33004999       89.5195007       8.69617537E-02
   6.34005022       89.6609192       1.79274473E-02
   6.35005045       89.8023376       0.00000000    
   6.36005068       89.9437561       4.88635674E-02
   6.37005091       90.0851746       9.67461318E-02
   6.38005114       90.2265930      0.143647701    
   6.39005136       90.3680115      0.189568266    
   6.40005159       90.5094299      0.234507829    
   6.41005182       90.6508484      0.278466403    
   6.42005205       90.7922668      0.321443975    
   6.43005228       90.9336853      0.363440543    
   6.44005251       91.0751038      0.404456109    
   6.45005274       91.2165222      0.444490671    
   6.46005297       91.3579407      0.483544230    
   6.47005320       91.4993591      0.521616817    
   6.48005342       91.6407776      0.558708370    
   6.49005365       91.7821960      0.594818950    
   6.50005388       91.9236145      0.629948497    
   6.51005411       92.0650330      0.664097071    
   6.52005434       92.2064514      0.697264612    
   6.53005457       92.3478699      0.729451180    
   6.54005480       92.4892883      0.760656774    
   6.55005503       92.6307068      0.790881336    
   6.56005526       92.7721252      0.820124924    
   6.57005548       92.9135437      0.848387480    
   6.58005571       93.0549622      0.875669062    
   6.59005594       93.1963806      0.901969612    
   6.60005617       93.3377991      0.927289188    
   6.61005640       93.4792175      0.951627791    
   6.62005663       93.6206360      0.974985361    
   6.63005686       93.7620544      0.997361958    
   6.64005709       93.9034729       1.01875746    
   6.65005732       94.0448914       1.03917193    
   6.66005754       94.1863098       1.05860543    
   6.67005777       94.3277283       1.07705796    
   6.68005800       94.4691467       1.09452951    
   6.69005823       94.6105652       1.11102009    
   6.70005846       94.7519836       1.12652957    
   6.71005869       94.8934021       1.14105809    
   6.72005892       95.0348206       1.15460563    
   6.73005915       95.1762390       1.16717219    
   6.74005938       95.3176575       1.17875767    
   6.75005960       95.4590759       1.18936217    
   6.76005983       95.6004944       1.19898570    
   6.77006006       95.7419128       1.20762825    
   6.78006029       95.8833313       1.21528983    
   6.79006052       96.0247498       1.22197032    
   6.80006075       96.1661682       1.22766984    
   6.81006098       96.3075867       1.23238838    
   6.82006121       96.4490051       1.23612595    
   6.83006144       96.5904236       1.23888242    
   6.84006166       96.7318420       1.24065793    
   6.85006189       96.8732605       1.24145246    
   6.86006212       97.0146790       1.24126601    
   6.87006235       97.1560974       1.24009860    
   6.88006258       97.2975159       1.23795009    
   6.89006281       97.4389343       1.23482060    
   6.90006304       97.5803528       1.23071015    
   6.91006327       97.7217712       1.22561872    
   6.92006350       97.8631897       1.21954620    
   6.93006372       98.0046082       1.21249270    
   6.94006395       98.1460266       1.20445824    
   6.95006418       98.2874451       1.19544280    
   6.96006441       98.4288635       1.18544626    
   6.97006464       98.5702820       1.17446876    
   6.98006487       98.7117004       1.16251028    
   6.99006510       98.8531189       1.14957082    
   7.00006533       98.9945374       1.13565040    
   7.01006556       99.1359558       1.12074888    
   7.02006578       99.2773743       1.10486639    
   7.03006601       99.4187927       1.08800292    
   7.04006624       99.5602112       1.07015848    
   7.05006647       99.7016296       1.05133307    
   7.06006670       99.8430481       1.03152657    
   7.07006693       99.9844666       1.01073909    
   7.08006716       100.125885      0.988970697    
   7.09006739       100.267303      0.966221273    
   7.10006762       100.408722      0.942490876    
   7.11006784       100.550140      0.917779446    
   7.12006807       100.691559      0.892087042    
   7.13006830       100.832977      0.865413606    
   7.14006853       100.974396      0.837759197    
   7.15006876       101.115814      0.809123814    
   7.16006899       101.257233      0.779507399    
   7.17006922       101.398651      0.748910010    
   7.18006945       101.540070      0.717331588    
   7.19006968       101.681488      0.684772193    
   7.20006990       101.822906      0.651231766    
   7.21007013       101.964325      0.616710365    
   7.22007036       102.105743      0.581207991    
   7.23007059       102.247162      0.544724584    
   7.24007082       102.388580      0.507260203    
   7.25007105       102.529999      0.468814790    
   7.26007128       102.671417      0.429388404    
   7.27007151       102.812836      0.388981014    
   7.28007174       102.954254      0.347592622    
   7.29007196       103.095673      0.305223227    
   7.30007219       103.237091      0.261872828    
   7.31007242       103.378510      0.217541412    
   7.32007265       103.519928      0.172228992    
   7.33007288       103.661346      0.125935569    
   7.34007311       103.802765       7.86611438E-02
   7.35007334       103.944183       3.04057207E-02
   7.36007357       104.085602       0.00000000    
   7.37007380       104.227020       3.43183465E-02
   7.38007402       104.368439       6.76556975E-02
   7.39007425       104.509857      0.100012049    
   7.40007448       104.651276      0.131387398    
   7.41007471       104.792694      0.161781743    
   7.42007494       104.934113      0.191195086    
   7.43007517       105.075531      0.219627440    
   7.44007540       105.216949      0.247078791    
   7.45007563       105.358368      0.273549169    
   7.46007586       105.499786      0.299038529    
   7.47007608       105.641205      0.323546886    
   7.48007631       105.782623      0.347074270    
   7.49007654       105.924042      0.369620651    
   7.50007677       106.065460      0.391186029    
   7.51007700       106.206879      0.411770403    
   7.52007723       106.348297      0.431373775    
   7.53007746       106.489716      0.449996144    
   7.54007769       106.631134      0.467637509    
   7.55007792       106.772552      0.484297872    
   7.56007814       106.913971      0.499977231    
   7.57007837       107.055389      0.514675617    
   7.58007860       107.196808      0.528392971    
   7.59007883       107.338226      0.541129351    
   7.60007906       107.479645      0.552884698    
   7.61007929       107.621063      0.563659072    
   7.62007952       107.762482      0.573452473    
   7.63007975       107.903900      0.582264841    
   7.64007998       108.045319      0.590096235    
   7.65008020       108.186737      0.596946597    
   7.66008043       108.328156      0.602815986    
   7.67008066       108.469574      0.607704341    
   7.68008089       108.610992      0.611611724    
   7.69008112       108.752411      0.614538074    
   7.70008135       108.893829      0.616483450    
   7.71008158       109.035248      0.617447853    
   7.72008181       109.176666      0.617431223    
   7.73008204       109.318085      0.616433620    
   7.74008226       109.459503      0.614454985    
   7.75008249       109.600922      0.611495376    
   7.76008272       109.742340      0.607554734    
   7.77008295       109.883759      0.602633119    
   7.78008318       110.025177      0.596730471    
   7.79008341       110.166595      0.589846849    
   7.80008364       110.308014      0.581982255    
   7.81008387       110.449432      0.573136628    
   7.82008410       110.590851      0.563310027    
   7.83008432       110.732269      0.552502394    
   7.84008455       110.873688      0.540713787    
   7.85008478       111.015106      0.527944148    
   7.86008501       111.156525      0.514193535    
   7.87008524       111.297943      0.499461919    
   7.88008547       111.439362      0.483749300    
   7.89008570       111.580780      0.467055678    
   7.90008593       111.722198      0.449381053    
   7.91008615       111.863617      0.430725425    
   7.92008638       112.005035      0.411088794    
   7.93008661       112.146454      0.390471190    
   7.94008684       112.287872      0.368872583    
   7.95008707       112.429291      0.346292973    
   7.96008730       112.570709      0.322732359    
   7.97008753       112.712128      0.298190743    
   7.98008776       112.853546      0.272668123    
   7.99008799       112.994965      0.246164486    
   8.00008774       113.136383      0.218679860    
   8.01008797       113.277802      0.190214232    
   8.02008820       113.419220      0.160767600    
   8.03008842       113.560638      0.130339965    
   8.04008865       113.702057       9.89313424E-02
   8.05008888       113.843475       6.65417165E-02
   8.06008911       113.984894       3.31710912E-02
   8.07008934       114.126312       0.00000000    
   8.08008957       114.267731       2.38989852E-02
   8.09008980       114.409149       4.68169674E-02
   8.10009003       114.550568       6.87539503E-02
   8.11009026       114.691986       8.97099376E-02
   8.12009048       114.833405      0.109684922    
   8.13009071       114.974823      0.128678903    
   8.14009094       115.116241      0.146691889    
   8.15009117       115.257660      0.163723871    
   8.16009140       115.399078      0.179774866    
   8.17009163       115.540497      0.194844857    
   8.18009186       115.681915      0.208933845    
   8.19009209       115.823334      0.222041830    
   8.20009232       115.964752      0.234168828    
   8.21009254       116.106171      0.245314822    
   8.22009277       116.247589      0.255479842    
   8.23009300       116.389008      0.264663845    
   8.24009323       116.530426      0.272866845    
   8.25009346       116.671844      0.280088842    
   8.26009369       116.813263      0.286329836    
   8.27009392       116.954681      0.291589856    
   8.28009415       117.096100      0.295868874    
   8.29009438       117.237518      0.299166888    
   8.30009460       117.378937      0.301483899    
   8.31009483       117.520355      0.302819908    
   8.32009506       117.661774      0.303174913    
   8.33009529       117.803192      0.302548915    
   8.34009552       117.944611      0.300941914    
   8.35009575       118.086029      0.298353910    
   8.36009598       118.227448      0.294784904    
   8.37009621       118.368866      0.290234923    
   8.38009644       118.510284      0.284703940    
   8.39009666       118.651703      0.278191954    
   8.40009689       118.793121      0.270698965    
   8.41009712       118.934540      0.262224972    
   8.42009735       119.075958      0.252769977    
   8.43009758       119.217377      0.242333964    
   8.44009781       119.358795      0.230916962    
   8.45009804       119.500214      0.218518957    
   8.46009827       119.641632      0.205139950    
   8.47009850       119.783051      0.190779939    
   8.48009872       119.924469      0.175438941    
   8.49009895       120.065887      0.159116939    
   8.50009918       120.207306      0.141813934    
   8.51009941       120.348724      0.123529926    
   8.52009964       120.490143      0.104264922    
   8.53009987       120.631561       8.40189159E-02
   8.54010010       120.772980       6.27919137E-02
   8.55010033       120.914398       4.05839123E-02
   8.56010056       121.055817       1.73949134E-02
   8.57010078       121.197235       0.00000000    
   8.58010101       121.338654       1.67718492E-02
   8.59010124       121.480072       3.25626954E-02
   8.60010147       121.621490       4.73725423E-02
   8.61010170       121.762909       6.12013899E-02
   8.62010193       121.904327       7.40492418E-02
   8.63010216       122.045746       8.59160945E-02
   8.64010239       122.187164       9.68019441E-02
   8.65010262       122.328583      0.106706798    
   8.66010284       122.470001      0.115630649    
   8.67010307       122.611420      0.123573497    
   8.68010330       122.752838      0.130535349    
   8.69010353       122.894257      0.136516199    
   8.70010376       123.035675      0.141516045    
   8.71010399       123.177094      0.145534888    
   8.72010422       123.318512      0.148572743    
   8.73010445       123.459930      0.150629595    
   8.74010468       123.601349      0.151705444    
   8.75010490       123.742767      0.151800290    
   8.76010513       123.884186      0.150914147    
   8.77010536       124.025604      0.149047002    
   8.78010559       124.167023      0.146198854    
   8.79010582       124.308441      0.142369702    
   8.80010605       124.449860      0.137559548    
   8.81010628       124.591278      0.131768405    
   8.82010651       124.732697      0.124996260    
   8.83010674       124.874115      0.117243111    
   8.84010696       125.015533      0.108508959    
   8.85010719       125.156952       9.87938121E-02
   8.86010742       125.298370       8.80976617E-02
   8.87010765       125.439789       7.64205158E-02
   8.88010788       125.581207       6.37623668E-02
   8.89010811       125.722626       5.01232184E-02
   8.90010834       125.864044       3.55030708E-02
   8.91010857       126.005463       1.99019257E-02
   8.92010880       126.146881       3.31978081E-03
   8.93010902       126.288300       0.00000000    
   8.94010925       126.429718       1.21470513E-02
   8.95010948       126.571136       2.33131032E-02
   8.96010971       126.712555       3.34981531E-02
   8.97010994       126.853973       4.27022055E-02
   8.98011017       126.995392       5.09252548E-02
   8.99011040       127.136810       5.81673048E-02
   9.00011063       127.278229       6.44283518E-02
   9.01011086       127.419647       6.97083995E-02
   9.02011108       127.561066       7.40074515E-02
   9.03011131       127.702484       7.73255005E-02
   9.04011154       127.843903       7.96625465E-02
   9.05011177       127.985321       8.10185969E-02
   9.06011200       128.126740       8.13936442E-02
   9.07011223       128.268158       8.07876959E-02
   9.08011246       128.409576       7.92007446E-02
   9.09011269       128.550995       7.66327977E-02
   9.10011292       128.692413       7.30838478E-02
   9.11011314       128.833832       6.85538948E-02
   9.12011337       128.975250       6.30429462E-02
   9.13011360       129.116669       5.65509945E-02
   9.14011383       129.258087       4.90780436E-02
   9.15011406       129.399506       4.06240933E-02
   9.16011429       129.540924       3.11891455E-02
   9.17011452       129.682343       2.07731966E-02
   9.18011475       129.823761       9.37624928E-03
   9.19011497       129.965179       0.00000000    
   9.20011520       130.106598       8.51741340E-03
   9.21011543       130.248016       1.60538275E-02
   9.22011566       130.389435       2.26092394E-02
   9.23011589       130.530853       2.81836521E-02
   9.24011612       130.672272       3.27770635E-02
   9.25011635       130.813690       3.63894738E-02
   9.26011658       130.955109       3.90208848E-02
   9.27011681       131.096527       4.06712964E-02
   9.28011703       131.237946       4.13407087E-02
   9.29011726       131.379364       4.10291180E-02
   9.30011749       131.520782       3.97365279E-02
   9.31011772       131.662201       3.74629386E-02
   9.32011795       131.803619       3.42083499E-02
   9.33011818       131.945038       2.99727619E-02
   9.34011841       132.086456       2.47561745E-02
   9.35011864       132.227875       1.85585879E-02
   9.36011887       132.369293       1.13800010E-02
   9.37011909       132.510712       3.22041335E-03
   9.38011932       132.652130       0.00000000    
   9.39011955       132.793549       6.25126110E-03
   9.40011978       132.934967       1.15215229E-02
   9.41012001       133.076385       1.58107840E-02
   9.42012024       133.217804       1.91190448E-02
   9.43012047       133.359222       2.14463063E-02
   9.44012070       133.500641       2.27925684E-02
   9.45012093       133.642059       2.31578294E-02
   9.46012115       133.783478       2.25420911E-02
   9.47012138       133.924896       2.09453534E-02
   9.48012161       134.066315       1.83676146E-02
   9.49012184       134.207733       1.48088764E-02
   9.50012207       134.349152       1.02691380E-02
   9.51012230       134.490570       4.74839937E-03
